function XY=XY2fit_data

XY=[ 13.545      0.88798
       12.936      0.90254
       11.881      0.86933
       10.976      0.92922
         9.94      0.87883
        8.984      0.73411
        7.867      0.44965
        5.829    -0.045444
         5.25     -0.19827
        4.715     -0.39861
        4.218     -0.64542
        3.817     -0.66266
        3.334      -0.6866
        2.814     -0.69429
          1.3     -0.59262
          1.1     -0.50544
        0.926     -0.40549
        0.736     -0.39729
        0.586     -0.25746
         0.42      -0.1664
        0.315     -0.14222
        0.204    -0.073358
        0.107    -0.016395
        40.43      -3.2922
        40.43      -3.3055
       59.818      -3.2811
       59.072      -3.2249
       57.134      -3.2366
       56.982      -3.2628
        55.92      -3.2041
       54.887      -3.2743
       53.309      -3.2955
       52.426      -3.3118
       50.743      -3.4064
       49.901      -3.4186
       48.759      -3.4473
       48.665      -3.4171
       47.342      -3.4908
       45.734      -3.4422
       44.857      -3.5807
        43.89      -3.6445
       42.975      -3.4424
       42.905      -3.4422
       42.405      -3.4158
        41.42      -3.5838
       41.051      -3.6121
       40.526      -3.3913
       40.465      -3.4028
       38.639      -3.4106
       38.527      -3.4439
       38.316      -3.4325
       37.661       -3.338
       37.042      -3.3275
       36.056      -3.2784
       34.989      -3.2128
        33.62      -3.0589
       32.471      -2.8597
       31.943      -2.8408
       30.916       -2.702
       29.789      -2.5021
       29.332      -2.4933
       28.431      -2.2942
       27.135      -2.0077
       25.921      -1.7056
       24.864      -1.4785
       24.158      -1.3466
       23.435      -1.1999
       22.511     -0.97721
       21.004     -0.56218
       19.979     -0.24832
       19.122    -0.022993
       18.437      0.14925
       17.527      0.33921
       16.156      0.68342
       15.367      0.77708
       14.855      0.81644
        13.94      0.96465
       11.808       1.0897
        8.316      0.76883
         6.84      0.34957];